5 0.35703125 0.37734375 0.115625 0.13984375
7 0.2140625 0.509375 0.12265625 0.15546875
5 0.534375 0.428125 0.10859375 0.1390625
4 0.775 0.4640625 0.1046875 0.14453125
1 0.4890625 0.86796875 0.103125 0.134375
5 0.234375 0.73828125 0.1109375 0.13515625
5 0.3984375 0.6140625 0.10625 0.1375
5 0.578125 0.58359375 0.10859375 0.1328125
5 0.53671875 0.234375 0.1109375 0.15078125
3 0.321875 0.15859375 0.265625 0.3171875
6 0.7296875 0.3109375 0.52890625 0.54765625
6 0.34453125 0.43671875 0.66328125 0.72578125
6 0.58671875 0.70078125 0.559375 0.4828125
2 0.3015625 0.70234375 0.58984375 0.4265625