8 0.06875 0.24765625 0.1375 0.321875
4 0.0609375 0.259375 0.071875 0.11484375
4 0.85234375 0.215625 0.10859375 0.1328125
7 0.75703125 0.60625 0.10703125 0.1453125
5 0.36875 0.7875 0.075 0.1109375
2 0.3359375 0.3546875 0.07109375 0.13046875
2 0.140625 0.60859375 0.28125 0.525
0 0.25234375 0.2078125 0.22890625 0.409375
0 0.609375 0.5421875 0.48984375 0.47734375
8 0.14921875 0.89140625 0.2984375 0.2171875
6 0.34296875 0.765625 0.3328125 0.46875
6 0.54453125 0.7953125 0.340625 0.409375
6 0.6390625 0.19140625 0.25859375 0.35703125
8 0.4375 0.28671875 0.24296875 0.34140625
3 0.8078125 0.76328125 0.35625 0.4734375