0 0.340625 0.5578125 0.16484375 0.25703125
0 0.1921875 0.51015625 0.24140625 0.4359375
0 0.421875 0.15546875 0.253125 0.2234375
3 0.54375 0.85703125 0.22578125 0.2859375
3 0.6546875 0.50234375 0.20390625 0.38203125
3 0.89140625 0.45625 0.2171875 0.284375
2 0.75 0.22578125 0.17109375 0.24296875
2 0.8953125 0.1546875 0.14453125 0.18359375
8 0.4453125 0.35078125 0.20078125 0.26953125
8 0.87265625 0.87578125 0.2546875 0.2484375
1 0.90078125 0.6609375 0.05703125 0.07890625
7 0.96796875 0.81328125 0.06328125 0.09765625