8 0.2296875 0.70390625 0.1875 0.2203125
8 0.49921875 0.8125 0.21875 0.271875
8 0.2296875 0.26171875 0.27578125 0.21953125
0 0.3734375 0.49375 0.18828125 0.34453125
0 0.76640625 0.75390625 0.16953125 0.22890625
0 0.72421875 0.33984375 0.18984375 0.23984375
3 0.55 0.57109375 0.15546875 0.35
3 0.65390625 0.57578125 0.196875 0.3484375
3 0.86328125 0.4375 0.2734375 0.24375
1 0.5484375 0.19765625 0.18359375 0.25859375
6 0.9078125 0.64375 0.159375 0.14453125
5 0.1078125 0.75234375 0.05 0.06796875
5 0.24765625 0.50234375 0.04921875 0.059375
5 0.4109375 0.21015625 0.04609375 0.06640625
1 0.1625 0.453125 0.05703125 0.06953125
7 0.859375 0.1328125 0.05234375 0.05390625
4 0.434375 0.45546875 0.05078125 0.0625