5 0.21015625 0.43671875 0.05078125 0.06328125
5 0.02734375 0.6859375 0.0546875 0.07578125
5 0.3890625 0.19921875 0.04453125 0.05
7 0.8046875 0.15078125 0.046875 0.03203125
4 0.40546875 0.39609375 0.05234375 0.05546875
1 0.125 0.3875 0.05390625 0.0640625
7 0.2109375 0.23671875 0.27890625 0.175
7 0.1625 0.62890625 0.2125 0.259375
7 0.47109375 0.7453125 0.25390625 0.31484375
3 0.84375 0.38359375 0.2625 0.2078125
3 0.6328125 0.5109375 0.190625 0.3234375
3 0.521875 0.50390625 0.16015625 0.33203125
2 0.521875 0.175 0.17734375 0.23515625
6 0.9140625 0.5796875 0.15546875 0.14453125
0 0.778125 0.69765625 0.18515625 0.25859375
0 0.696875 0.2921875 0.20078125 0.2109375
0 0.3453125 0.43125 0.18515625 0.31640625