5 0.18359375 0.721875 0.07265625 0.10390625
5 0.33046875 0.28984375 0.07734375 0.11484375
1 0.6859375 0.58671875 0.09765625 0.1328125
2 0.57890625 0.715625 0.48671875 0.4140625
2 0.12578125 0.1828125 0.2515625 0.3625
8 0.13828125 0.52265625 0.2765625 0.4125
0 0.571875 0.14609375 0.471875 0.2921875
3 0.7578125 0.359375 0.34453125 0.68203125
8 0.87734375 0.81171875 0.2453125 0.346875
0 0.146875 0.85546875 0.26171875 0.14140625
7 0.72734375 0.0796875 0.10859375 0.13359375
6 0.30546875 0.35234375 0.34765625 0.62890625
6 0.4640625 0.34375 0.30703125 0.521875