8 0.9078125 0.16015625 0.184375 0.225
4 0.946875 0.16796875 0.08671875 0.109375
2 0.65546875 0.234375 0.4640625 0.46875
8 0.29921875 0.24609375 0.34375 0.4078125
0 0.040625 0.30078125 0.08125 0.359375
6 0.41875 0.56953125 0.57890625 0.54140625
5 0.109375 0.34609375 0.090625 0.1078125
5 0.47578125 0.58984375 0.09921875 0.12890625
2 0.08828125 0.79296875 0.1765625 0.41328125
6 0.415625 0.796875 0.51875 0.40625
0 0.91953125 0.4453125 0.1609375 0.3015625
0 0.6921875 0.80546875 0.396875 0.38828125
8 0.903125 0.78671875 0.19375 0.41953125
1 0.8953125 0.5734375 0.121875 0.1265625