4 0.04296875 0.31640625 0.07265625 0.0859375
1 0.10625 0.18984375 0.071875 0.08828125
5 0.2609375 0.23515625 0.0640625 0.08046875
5 0.33203125 0.3796875 0.06484375 0.08046875
0 0.1625 0.6296875 0.21640625 0.46796875
0 0.52265625 0.23515625 0.24140625 0.28046875
0 0.82421875 0.7015625 0.2484375 0.47421875
3 0.390625 0.7421875 0.215625 0.50625
3 0.6375 0.7203125 0.21640625 0.46015625
3 0.80078125 0.36875 0.340625 0.26484375
1 0.509375 0.0609375 0.06328125 0.0765625
7 0.59375 0.05546875 0.06328125 0.0796875