4 0.17734375 0.21875 0.06484375 0.07734375
1 0.29296875 0.1203125 0.0609375 0.07421875
1 0.48125 0.04609375 0.05703125 0.0734375
5 0.3921875 0.23984375 0.05703125 0.071875
5 0.33671875 0.3390625 0.0609375 0.07421875
7 0.61484375 0.1328125 0.059375 0.07578125
0 0.190625 0.528125 0.225 0.43359375
0 0.53515625 0.34765625 0.2359375 0.23515625
3 0.47109375 0.65390625 0.3453125 0.40390625
3 0.6796875 0.66796875 0.2546875 0.41953125
3 0.85234375 0.32734375 0.29453125 0.2
0 0.86875 0.63359375 0.146875 0.4015625