4 0.36171875 0.4671875 0.05625 0.06640625
7 0.4359375 0.68359375 0.065625 0.0859375
1 0.4453125 0.60859375 0.0625 0.07734375
5 0.4328125 0.53359375 0.05546875 0.06640625
2 0.10859375 0.41328125 0.17890625 0.30078125
3 0.23828125 0.68515625 0.33046875 0.29140625
3 0.7234375 0.64921875 0.3 0.33828125
3 0.83671875 0.25703125 0.20625 0.34140625
0 0.4859375 0.24453125 0.20859375 0.3359375
0 0.6359375 0.3921875 0.23046875 0.2859375
0 0.759375 0.84765625 0.3375 0.3046875
8 0.296875 0.26484375 0.234375 0.3015625